0011000000000000000000000000000000000000000000000000000000000000000000000
0010100000000000000000000000000000000000000000000000000000000000000000000
1101110000000000000000000000000000000000000000000000000000000000000000000
1010011000000000000000000000000000000000000000000000000000000000000000000
0110010110000000000000000000000000000000000000000000000000000000000000000
0011101011000000000000000000000000000000000000000000000000000000000000000
0001010001100000000000000000000000000000000000000000000000000000000000000
0000100010001000000000000000000000000000000000000000000000000000000000000
0000110101001100000000000000000000000000000000000000000000000000000000000
0000011010100110000000000000000000000000000000000000000000000000000000000
0000001001010011000000000000000000000000000000000000000000000000000000000
0000000000100001000000000000000000000000000000000000000000000000000000000
0000000110000100110000000000000000000000000000000000000000000000000000000
0000000011001010011000000000000000000000000000000000000000000000000000000
0000000001100101001100000000000000000000000000000000000000000000000000000
0000000000110010000100000000000000000000000000000000000000000000000000000
0000000000001000010011000000000000000000000000000000000000000000000000000
0000000000001100101001100000000000000000000000000000000000000000000000000
0000000000000110010100110000000000000000000000000000000000000000000000000
0000000000000011001000010000000000000000000000000000000000000000000000000
0000000000000000100001001100000000000000000000000000000000000000000000000
0000000000000000110010100110000000000000000000000000000000000000000000000
0000000000000000011001010011000000000000000000000000000000000000000000000
0000000000000000001100100001100000000000000000000000000000000000000000000
0000000000000000000010000100000000110000000000000000000000000000000000000
0000000000000000000011001010000000011000000000000000000000000000000000000
0000000000000000000001100101000000001100000000000000000000000000000000000
0000000000000000000000110010100000000110000000000000000000000000000000000
0000000000000000000000010001000000000011000000000000000000000000000000000
0000000000000000000000000000001000000000100000000000000000000000000000000
0000000000000000000000000000010100000000110000000000000000000000000000000
0000000000000000000000000000001010000000011000000000000000000000000000000
0000000000000000000000000000000101000000001100000000000000000000000000000
0000000000000000000000000000000010100000000110000000000000000000000000000
0000000000000000000000001000000001010000000011000000000000000000000000000
0000000000000000000000001100000000101000000001100000000000000000000000000
0000000000000000000000000110000000010100000000110000000000000000000000000
0000000000000000000000000011000000001010000000011000000000000000000000000
0000000000000000000000000001100000000101000000001100000000000000000000000
0000000000000000000000000000100000000010000000000100000000000000000000000
0000000000000000000000000000011000000000010000000000000000000000000000000
0000000000000000000000000000001100000000101000000010000000000000000000000
0000000000000000000000000000000110000000010100000011000000000000000000000
0000000000000000000000000000000011000000001010000001100000000000000000000
0000000000000000000000000000000001100000000101000000110000000000000000000
0000000000000000000000000000000000110000000010100000011000000000000000000
0000000000000000000000000000000000011000000001010000001100000000000000000
0000000000000000000000000000000000001100000000101000000110000000000000000
0000000000000000000000000000000000000110000000010100000011000000000000000
0000000000000000000000000000000000000011000000001000000001100000000000000
0000000000000000000000000000000000000000011000000001000000011000000000000
0000000000000000000000000000000000000000001100000010100000001100000000000
0000000000000000000000000000000000000000000110000001010000000110000000000
0000000000000000000000000000000000000000000011000000101000000010000000000
0000000000000000000000000000000000000000000001100000010100000000000000000
0000000000000000000000000000000000000000000000110000001010000000000000000
0000000000000000000000000000000000000000000000011000000101000001000000000
0000000000000000000000000000000000000000000000001100000010100001100000000
0000000000000000000000000000000000000000000000000100000001000000110000000
0000000000000000000000000000000000000000000000000010000000001000001000000
0000000000000000000000000000000000000000000000000011000000010100001000000
0000000000000000000000000000000000000000000000000001100000001010000000000
0000000000000000000000000000000000000000000000000000110000000100000000000
0000000000000000000000000000000000000000000000000000000011000000100100000
0000000000000000000000000000000000000000000000000000000001100001010110000
0000000000000000000000000000000000000000000000000000000000100000100011000
0000000000000000000000000000000000000000000000000000000000011000000000100
0000000000000000000000000000000000000000000000000000000000000001100010010
0000000000000000000000000000000000000000000000000000000000000000110101011
0000000000000000000000000000000000000000000000000000000000000000010010001
0000000000000000000000000000000000000000000000000000000000000000001000000
0000000000000000000000000000000000000000000000000000000000000000000110001
0000000000000000000000000000000000000000000000000000000000000000000011010